FETCH 0 0 0 0 7
FETCH 1 1 1 0 7
FETCH 2 2 2 0 7
FETCH 8 4085 4085 0 7
SEND 1 0 1 0 7
SEND 2 0 2 0 7
SEND 8 0 4085 0 7
RECEIVE 0 1 1 1 0 7
RECEIVE 0 2 2 2 0 7
RECEIVE 0 8 4085 4085 0 7
ENCODE_PARTIAL 0 4 0 1 2 4085 4084 26 114 167 26 0 7
SEND 0 3 4084 0 7
RECEIVE 3 0 4084 4084 0 7
PERSIST 3 4084 4084 3 0 7
FETCH 4 4089 4089 8 15
FETCH 5 4088 4088 8 15
FETCH 6 4087 4087 8 15
FETCH 7 4086 4086 8 15
SEND 5 4 4088 8 15
SEND 6 4 4087 8 15
SEND 7 4 4086 8 15
RECEIVE 4 5 4088 4088 8 15
RECEIVE 4 6 4087 4087 8 15
RECEIVE 4 7 4086 4086 8 15
ENCODE_PARTIAL 4 4 4089 4088 4087 4086 4083 75 221 93 203 8 15
SEND 4 3 4083 8 15
RECEIVE 3 4 4083 4083 8 15
PERSIST 3 4083 4083 3 8 15
